*Dehumidifer-240601
#命令名称；文本命令行（如有）；ID（10进制整数）；类型（1,2,3,4,5,6,16等）；地址（4字节整数）；数据长度（4字节长度）；
#数据类型（返回数据，0 Ushort;1:UFloat小数.;2byte;3Uint32;4string ;5  short; 6float;7int32                                         
#默认short；浮点数的矫正（浮点数；整数可以为1）；返回数据；返回结果
#0
温度值       	     ;01;03;0000;0001;0;1
湿度值	   	     ;01;03;0001;0001;0;1
工作状态		     ;01;03;0002;0001;0;1
温度启动值	     ;01;03;0003;0001;0;1
温度停止值	     ;01;03;0004;0001;0;1
湿度启动值	     ;01;03;0005;0001;0;1
湿度停止值       ;01;03;0006;0001;0;1
#07设置部分
温度启动值	     ;01;06;0003;0001;0;0.1
温度停止值	     ;01;06;0004;0001;0;0.1
湿度启动值	     ;01;06;0005;0001;0;0.1
湿度停止值       ;01;06;0006;0001;0;0.1
手/自动切换运行  ;01;06;000F;0001;0;1
#12
读取前7个数据    ;01;03;0000;07;4;1
