*Liquidcool-240601
#命令名称；文本命令行（如有）；ID（10进制整数）；类型（1,2,3,4,5,6,16等）；地址（4字节整数）；数据长度（4字节长度）；
#数据类型（返回数据，0 Ushort;1:UFloat小数.;2byte;3Uint32;4string ;5  short; 6float;7int32                                         
#默认short；浮点数的矫正（浮点数；整数可以为1）；返回数据；返回结果
#0
开关机;0000;06;0400;01;0;1;
设置模式;01;06;0401;01;0;1;
控制温度选择;01;06;0402;01;0;1;
水温制冷点;01;06;E600;01;0;1;
水温加热点;01;06;E601;01;0;1;
制冷回差;01;06;E602;01;0;1;
加热回差;01;06;E603;01;0;1;
水泵档位选择;01;06;E604;01;0;1;
#8
出水温度;01;03;E700;01;6;0.1
回水温度;01;03;E701;01;6;0.1
排气温度;01;03;E702;01;6;0.1
环境温度;01;03;E703;01;6;0.1
进水压力;01;03;E704;01;0;1
出水压力;01;03;E705;01;0;1
出水高温;01;03;E706;01;0;1
出水低温;01;03;E707;01;0;1
出水温感故障;01;03;E708;01;0;1
回水温感故障;01;03;E709;01;0;1
保留;01;03;E70A;01;0;1
变频器通讯故障;01;03;E70B;01;0;1
系统高压锁定;01;03;E70C;01;0;1
系统低压锁定;01;03;E70D;01;0;1
排气温度过高锁定;01;03;E70E;01;0;1
变频器过流锁定;01;03;E70F;01;0;1
变频器过温锁定;01;03;E710;01;0;1
#25
读取前6个数据;01;03;E700;06;4;0.1
读取前11个故障;01;03;E706;0B;4;1
读取开关机状态;01;03;0400;01;0;1
#28
开关机   ;00;03;0400;01;0;1;
设置模式;01;03;0401;01;0;1;
控制温度选择;01;03;0402;01;0;1;
水温制冷点;01;03;E600;01;0;1;
水温加热点;01;03;E601;01;0;1;
制冷回差;01;03;E602;01;0;1;
加热回差;01;03;E603;01;0;1;
水泵档位选择;01;03;E604;01;0;1; 
#36
读取前3个数据;01;03;0400;03;4;0.1
读取前5个数据;01;03;E600;05;4;0.1
